cam0:
  T_cam_imu:
  - [-0.9999906596708885, -0.00013552681689608242, 0.004319977252688174, 0.004519938604686044]
  - [9.773130544012938e-05, -0.9999617305845823, -0.008748017768597764, -0.0012921713282814406]
  - [0.004320997520686424, -0.008747513862216354, 0.9999524038581322, -0.0068004242546926275]
  - [0.0, 0.0, 0.0, 1.0]
  cam_overlaps: [1]
  camera_model: omni
  distortion_coeffs: [-0.15987490801502444, -0.04477492429688682, 0.00046938939468552,
    -0.0039110274543782625]
  distortion_model: radtan
  intrinsics: [1.4102676734189712, 703.591824587287, 704.2533929538624, 419.83122747143284,
    399.35914836110356]
  resolution: [848, 800]
  rostopic: /camera/fisheye1/image_raw
  timeshift_cam_imu: 0.00024751298014382306
cam1:
  T_cam_imu:
  - [-0.9999900799926515, -0.0011641770833826406, 0.004299372978550853, -0.06100878476802985]
  - [0.0011604592049826014, -0.9999989506986977, -0.0008671423972635164, -0.001398213076505547]
  - [0.004300377974520112, -0.0008621445482559506, 0.999990381681771, -0.007463418950975196]
  - [0.0, 0.0, 0.0, 1.0]
  T_cn_cnm1:
  - [0.9999994707268737, 0.0010287912038511589, -1.1602656199678188e-05, -0.06552747050892212]
  - [-0.0010286677266551042, 0.9999683805137232, 0.007885417900155255, -4.780890390197575e-05]
  - [1.9714737904020007e-05, -0.007885401791337534, 0.999968909541646, -0.0006734845241012946]
  - [0.0, 0.0, 0.0, 1.0]
  cam_overlaps: [0]
  camera_model: omni
  distortion_coeffs: [-0.14630740889473307, 0.11052841449221291, 0.0013051087411742337,
    0.00013537283257145097]
  distortion_model: radtan
  intrinsics: [1.5407567090460268, 741.8192043064576, 742.4743166799633, 418.3149439322688,
    403.3552010550744]
  resolution: [848, 800]
  rostopic: /camera/fisheye2/image_raw
  timeshift_cam_imu: 0.0002605335338501317
